315360000 600000
-2863.3 1389.2 -302.1 986.6
1001.3 1927.1 -2949.0 422.2
1308.2 -2152.3 -625.2 184.6
-412.6 1208.9 85.2 691.2
-1902.2 1189.0 1955.0 836.2
1586.9 -766.0 -1509.8 235.2
-2041.7 414.2 -2952.0 902.7
-624.9 -770.9 -1326.0 558.9
2281.6 717.2 -2705.2 764.3
2377.8 1171.5 -2572.0 529.8
-50.4 -778.9 -2458.9 518.2
-901.8 -724.8 714.7 949.7
-955.5 -904.5 1066.7 242.9
1682.6 1614.7 -1166.4 741.5
2472.3 -2341.2 2534.9 591.7
2437.7 1003.1 -2933.6 323.0
-733.0 2442.4 -1943.8 795.7
1520.8 1781.5 1805.9 513.6
-327.7 -1755.6 2113.4 332.8
1166.8 382.6 1875.7 987.5
1478.9 597.4 1969.8 749.9
-2093.4 246.4 2894.0 376.4
1001.4 -974.9 -1134.8 742.0
-2146.0 -2104.5 -1622.1 677.3
1038.6 -1408.7 -51.4 847.8
988.9 1015.0 1233.2 868.0
-2869.1 263.6 -451.4 755.2
-1174.7 -1102.3 -2146.1 456.2
-2258.0 2086.5 193.1 160.9
528.0 -659.9 2505.9 248.7
681.1 -1691.3 -2349.4 988.9
1744.9 -2474.2 -1635.7 316.6
1269.9 -2272.2 2471.4 939.4
2649.2 -1366.1 -2838.0 194.2
-107.9 1983.2 1190.8 958.1
266.8 969.2 -1973.1 124.0
-182.6 2647.9 505.2 723.2
1126.0 2698.2 2184.7 336.8
-1995.9 -401.5 1993.2 284.8
-1258.7 90.2 -742.7 921.9
396.0 -2656.3 726.8 361.2
-596.4 2220.9 -1224.3 339.1
-2332.6 -1068.9 -113.3 555.9
2094.3 -35.3 104.5 623.1
-134.7 612.4 -2043.4 126.3
-699.3 575.8 -77.6 155.6
-1693.9 -1180.5 2051.4 995.9
452.1 1299.2 982.1 643.9
-177.0 1669.2 -627.7 847.5
34.2 2939.3 -2188.3 427.4
45.0 -88.7 -602.3 782.0
-1059.2 196.0 -1733.1 651.9
-2326.9 1076.8 -1096.5 871.4
-1113.6 -2499.0 1998.6 935.1
-2604.7 -2351.2 253.9 564.6
-2168.4 -445.2 -2041.9 792.0
-1475.9 -1104.0 -2201.1 812.0
-2124.0 2151.6 1530.2 656.0
2307.2 120.6 812.2 723.3
-2315.1 608.6 1194.8 417.4
2593.3 -1776.5 2837.7 164.1
2044.3 1569.9 -519.2 670.7
-226.8 -1457.3 -1591.0 845.1
-1847.8 1126.2 -2035.5 497.2
-1486.6 799.8 -2178.8 169.7
1922.8 229.0 -2234.2 179.5
-478.1 1419.5 624.4 195.0
-1235.5 2522.7 2791.2 516.8
2295.9 2392.4 -1937.4 848.9
2214.0 1204.7 -2657.2 307.3
1906.8 1396.9 1194.5 737.9
-2742.8 1323.0 -2312.2 667.8
1101.9 990.3 -1413.8 753.9
2009.7 -1058.1 -2910.6 297.2
-1428.7 86.2 -2495.1 407.5
-2573.9 -385.2 -694.8 659.4
604.1 -2625.6 2309.8 494.9
-2796.7 1500.5 2599.5 534.3
222.1 -2535.6 -1884.8 328.5
-1661.5 -2033.0 15.5 936.8
1050.6 1880.4 -2196.7 793.4
-2886.1 2051.2 -963.7 386.9
2077.0 -1609.0 499.6 547.6
-1702.9 -2222.5 -1725.2 806.8
1576.5 -2489.2 -819.5 235.6
-1576.7 -1781.1 1856.9 630.0
-2567.9 -1109.2 -2776.5 337.9
-418.6 -2847.9 2848.5 181.8
548.3 1613.6 1940.7 570.2
2825.5 -1377.0 -1191.1 720.8
1095.6 -1237.5 451.5 605.6
-600.7 -1314.2 -54.9 570.6
-2673.1 330.1 -582.9 376.8
828.7 -88.3 -2986.1 528.9
-2439.5 1491.9 -1051.6 860.4
-1092.7 2742.8 -834.2 906.6
639.5 -2281.2 1249.3 286.9
-593.7 1765.3 2648.8 678.2
2608.2 -2773.2 -1500.6 315.7
2777.2 2880.1 496.6 660.9
-89.3 46.6 1571.1 910.0
2774.0 -1996.3 2793.6 548.6
-2564.4 -2701.6 1447.5 484.2
-1835.0 -1390.5 -2970.8 943.7
-2990.2 -2680.8 -1342.5 107.9
2244.7 1755.0 -2289.9 703.6
2162.1 -1851.8 -2204.6 673.3
-2877.1 -570.7 -713.0 367.2
-2955.7 -2412.3 1326.0 350.8
-1044.4 1788.2 447.1 253.6
1816.5 -898.2 2486.2 646.2
189.4 2445.2 1009.4 935.4
2753.7 -1828.1 -384.3 823.4
-2350.4 320.5 2929.4 383.7
1926.0 -2032.1 -1600.3 331.8
1132.0 -1724.0 -1639.9 334.1
1875.6 945.2 -487.4 527.8
1683.7 2771.7 -1823.5 501.5
-357.8 1492.8 -2171.1 842.0
1527.5 2898.3 -1456.0 546.8
2461.3 667.7 -1279.4 588.7
-2160.4 503.9 -527.9 272.3
1934.0 1749.0 -1770.0 678.9
-1132.1 -734.7 -962.8 601.9
-1370.4 1717.0 20.5 324.8
1955.2 -1225.4 2524.5 299.9
-1582.1 310.8 2547.9 784.0
-1733.8 2512.6 -425.3 106.6
1792.8 792.5 -542.0 226.7
-1168.9 -2323.4 2975.6 134.2
-741.2 -1975.5 2776.3 705.1
-2881.4 -1977.9 1918.4 345.0
568.3 1777.6 951.8 680.4
150.9 -1386.2 -2910.6 254.1
-2888.2 -2553.3 -688.7 346.0
-685.8 2004.0 -627.3 123.7
-925.8 -2248.2 -2485.5 909.9
-2298.8 1972.0 2979.8 165.1
133.6 519.8 -588.0 180.3
2313.1 -9.3 -429.7 558.2
2835.2 -2385.9 2436.3 245.0
1389.1 -2370.9 2811.7 286.8
180.3 -88.0 1371.7 634.2
2998.6 2219.5 86.9 102.1
-924.5 -2436.2 34.7 717.1
-808.4 1148.7 2120.2 499.8
-2934.0 -2215.3 -531.8 201.2
-2954.3 1228.8 428.8 936.2
-1749.6 -228.3 -1483.6 617.3
1571.2 72.0 -2705.6 345.8
1756.0 2289.3 -666.8 105.5
-948.9 -2775.2 683.5 410.9
-2657.3 2139.2 2190.0 831.5
-1824.1 -691.1 333.1 434.9
503.0 -2207.3 -1521.8 856.9
2547.5 992.6 785.8 919.7
-779.2 -1355.8 13.6 632.4
-1515.9 -496.3 -2193.2 650.4
-2196.7 -448.2 -1708.4 646.1
2302.4 1831.6 -1855.7 917.6
-106.6 1273.1 356.7 852.2
-955.2 -2239.5 1547.7 849.1
-1061.0 1592.4 973.8 516.2
1279.6 149.4 1264.7 220.7
-659.2 1455.5 271.0 715.0
-1013.2 -899.7 361.3 176.5
46.5 2978.9 -1046.7 154.3
-2800.9 133.5 2798.1 722.3
1692.7 1680.1 -2319.5 570.8
1247.8 -2829.7 1019.0 925.8
1667.7 -1544.6 2291.0 509.6
-1473.5 1288.2 1426.4 807.9
-1159.3 -383.7 2628.5 441.2
1908.1 -53.1 -203.1 468.3
-2177.0 -1883.2 -1328.3 930.8
1185.4 -1544.5 -129.2 323.6
2639.1 -2583.7 2313.6 143.6
-624.3 2522.3 1469.7 975.8
-742.6 -1316.5 -961.7 890.9
-2664.2 2953.5 -2620.6 812.1
-2231.7 2430.7 825.5 688.6
-2388.1 988.4 2622.2 214.9
1538.2 651.9 1624.8 498.0
2196.1 441.5 2386.7 102.8
2979.6 -1568.2 1240.5 670.6
-2409.1 -1139.6 -2375.8 685.7
-1964.6 -365.8 -1031.5 252.9
-92.9 -183.7 390.1 930.6
2623.6 227.6 -1647.6 241.9
57.6 2256.1 289.9 625.6
-1702.2 -248.3 -1958.5 713.5
-2691.2 912.6 1188.6 913.7
899.7 2981.6 1839.6 704.3
-582.0 -2511.1 -2096.9 603.2
-1675.0 -538.4 1139.0 122.8
-2712.0 475.8 1165.0 783.9
-201.3 1670.8 -467.7 454.0
422.6 -1110.4 -1205.0 504.0
1377.0 -1051.7 -2125.7 305.5
2822.7 -1898.1 -169.1 820.4
16.3 -2156.3 -1189.1 923.4
-758.0 -1945.3 783.5 741.4
1530.3 -1573.8 -2672.5 992.7
-436.2 -1493.6 -2912.4 247.9
713.6 1255.4 2469.5 764.6
2006.8 211.2 -1149.5 258.0
-2393.6 1809.7 -321.2 339.2
29.7 -393.2 -649.6 336.5
1891.0 -853.7 -1567.4 129.9
-719.2 -1728.7 2470.6 446.8
-2187.8 2335.6 1255.1 114.4
1361.1 -2732.1 -2215.4 413.3
-2408.1 -1063.0 1440.3 554.8
1563.0 -2119.2 2056.0 579.6
1220.9 611.5 -2943.3 462.6
2267.5 2544.5 2351.0 229.9
2076.6 -559.5 1041.9 867.6
-1033.1 2823.1 2282.9 879.1
-2392.9 -498.3 353.2 146.3
1158.0 2739.7 1516.3 961.0
-2490.7 -276.5 -1819.5 430.2
62.1 -2527.0 2738.2 999.3
-375.7 1322.2 -2871.2 589.5
-1305.3 -1814.1 -2484.1 824.7
1188.2 1421.3 378.1 806.8
419.6 593.6 -2831.3 699.7
18.0 -2224.3 525.4 189.1
-2692.8 -2454.2 2233.6 215.2
2477.0 1032.1 2399.5 493.6
-1332.0 -419.2 599.7 804.8
1148.2 -1464.0 2446.2 340.8
-2703.4 -626.8 1432.6 397.0
-1054.6 -1143.1 1132.4 928.1
-2876.5 -974.6 1531.5 533.4
-2342.7 121.4 1736.8 288.1
-1711.5 -1620.8 1873.7 891.6
2555.7 2974.4 929.7 662.9
1122.8 -2634.3 322.9 471.0
-804.3 -877.4 73.3 955.4
2959.7 -1303.9 174.8 931.7
-2614.1 -389.5 -2993.7 963.5
75.1 -893.3 -1095.1 384.9
1830.4 1957.8 -727.4 559.2
1381.3 11.4 2294.7 152.3
584.7 -935.3 2780.2 658.8
-2324.2 2355.0 -1465.5 333.5
279.6 -56.2 2436.8 381.5
2329.1 2816.5 -766.1 182.0
-1468.8 1273.4 -602.4 228.1
-626.6 2290.0 2386.5 235.3
-1472.4 521.8 2625.8 381.8
-469.6 -505.6 2487.2 874.1
1022.3 797.9 -1905.2 684.8
2538.4 -459.8 -2124.9 784.8
-1926.9 -1200.3 2155.3 213.4
2388.9 1604.3 -387.9 789.6
1114.0 1986.5 2845.0 575.0
1327.0 1914.2 2045.6 867.0
-652.4 -1356.3 -634.6 688.3
1945.3 1841.2 -1480.7 485.4
738.7 -336.8 -313.1 806.7
1989.4 -459.4 -562.4 306.7
-2491.0 1424.5 2370.2 775.8
-2844.7 2827.8 -1475.4 488.5
-2935.7 1272.1 -1498.6 788.6
1835.9 -78.5 1196.7 242.1
-2417.8 2188.1 -114.7 401.7
-990.7 -1731.3 -2369.2 750.5
-533.9 1274.2 -107.6 444.8
2950.1 -937.0 2121.8 170.6
2890.3 -2072.9 -243.9 142.0
-1687.2 1202.3 2796.8 307.9
-779.8 2543.9 -1490.7 795.2
-1848.6 1670.7 2791.8 810.0
-1926.5 2400.4 76.7 683.7
708.2 -866.3 2381.6 773.3
2659.8 -2779.1 1654.0 733.6
-2044.7 2140.3 1959.0 409.5
2079.7 -959.6 -453.2 828.9
1444.1 1430.6 983.5 317.0
-693.6 -254.9 1868.4 591.0
-1436.7 -2109.5 1858.7 462.8
1705.0 1661.7 -2925.2 575.5
-1055.7 -1105.7 -2394.8 970.4
-727.0 -2344.5 2179.6 538.5
2710.4 2908.9 -2691.9 194.8
-361.6 -1073.6 -2944.8 489.8
-28.7 2915.4 -1910.0 933.7
-2648.3 -1879.9 -2571.2 949.5
-1145.2 -1200.8 1251.9 168.0
-2231.9 2829.3 -1879.5 813.9
-2881.7 2357.5 1817.2 689.7
-2191.1 976.8 74.0 919.6
-1198.7 922.8 1480.2 893.2
-1603.7 -873.8 298.1 251.0
879.6 1176.5 -2947.5 760.5
-729.4 127.1 -1203.2 273.1
1472.0 -1487.6 -2254.2 571.6
-1955.0 -889.3 735.4 511.1
1851.2 -1919.5 625.4 969.1
-2898.7 1123.5 1099.1 623.9
568.5 -1871.2 -2626.8 965.8
-1199.4 2215.3 2551.6 712.2
-2038.3 -869.9 856.0 463.5
-2890.7 1358.7 1756.1 212.9
1946.1 2064.9 325.3 520.5
1307.7 2176.4 -722.3 956.3
1618.9 2733.3 2093.9 901.9
2861.5 2253.9 2812.1 349.6
-1147.5 -578.6 -2532.2 372.3
-1352.1 -1621.7 1017.9 275.6
2304.6 -168.3 -407.3 453.8
-517.2 -297.4 726.2 969.4
-134.4 -125.4 517.7 619.2
1374.1 -1938.4 -2135.6 112.0
-2094.4 -718.0 1387.3 928.3
-495.0 -797.0 -726.6 329.3
-1592.8 -442.5 -1049.0 506.7
-1972.0 -1586.5 -2891.8 407.2
2602.8 772.8 594.6 452.9
452.9 -2529.1 -992.6 369.6
-1146.8 2228.9 -1526.3 128.2
-2259.7 -1315.9 2145.6 585.6
1187.9 -15.7 1388.1 924.2
2757.7 -2320.7 -718.1 356.3
-2689.2 983.5 -224.8 920.8
1265.1 432.4 -2235.1 641.3
2208.4 -2141.8 662.7 218.4
1451.9 -2525.5 704.6 115.0
2804.5 24.7 210.0 765.5
2648.2 172.9 2669.3 139.5
-1966.5 1521.9 -21.2 306.4
1265.5 1447.8 1441.6 256.6
530.5 -1936.4 1469.3 536.7
-780.1 -1197.0 2993.7 752.1
28.1 -1263.3 -81.0 598.8
1993.8 1709.1 -596.4 310.4
-1678.7 -1553.2 -2323.4 352.8
2741.4 285.7 -2677.1 178.6
841.5 -1691.9 -855.6 918.4
456.7 989.2 781.1 452.1
-335.9 1638.9 260.7 908.2
597.7 2727.5 -2540.7 767.5
-1152.4 1750.3 2678.9 962.4
2222.1 -886.4 -2944.4 838.7
-993.2 880.9 817.9 387.2
-1129.4 -2629.8 2608.5 217.0
1553.8 -2414.7 67.0 799.5
-1445.1 1120.8 1624.0 944.4
-2216.9 2503.6 289.8 105.4
468.0 -587.0 -1593.7 930.1
-2200.3 -1920.1 -795.0 916.4
186.7 -2595.1 -590.0 379.3
251.8 -2580.2 1617.4 534.0
-1402.7 2425.2 -1753.5 625.3
517.2 -442.2 -1448.1 322.1
-1591.4 -506.9 2467.7 489.3
-1313.7 247.5 1002.5 647.6
396.0 1881.7 1604.9 528.3
-297.9 -46.6 -2138.8 528.4
2067.3 -611.9 116.7 845.6
-2778.5 -934.7 -1614.5 432.3
-1826.5 2396.7 -764.9 794.9
-2872.0 -1376.0 2611.1 321.1
375.8 1240.0 588.6 819.5
-2677.0 -230.3 -2042.2 810.4
-982.8 653.2 -293.3 520.1
-249.1 2476.7 -1084.7 905.5
2251.2 915.0 -904.8 450.6
1137.5 930.6 1630.8 957.1
-1609.4 2717.9 1120.6 289.0
-67.9 2970.3 -1669.7 245.0
941.3 909.7 2848.4 725.6
-1760.3 1228.5 -1783.4 286.9
2872.0 -1688.3 -378.4 973.8
2528.1 -1856.5 -224.3 672.3
-2303.5 -1292.4 -2592.5 303.1
2632.9 872.4 2798.2 333.1
-519.9 683.8 1981.0 155.2
-1578.2 2231.2 -1395.6 149.2
-2841.7 -1321.7 2470.1 108.3
660.5 -1601.7 1001.4 245.7
2501.9 -1433.5 -2008.3 626.8
875.7 439.7 1707.6 177.8
760.6 2623.3 -1942.3 158.2
-1678.5 2633.1 -627.5 585.3
313.9 -2067.6 -507.2 843.1
-180.6 -2051.6 -1713.9 419.0
510.9 -1561.0 261.9 568.6
162.5 1794.7 -850.4 578.4
1471.5 52.6 -2598.5 868.6
710.7 2855.3 -2758.8 831.2
448.3 -2433.2 -1471.2 159.5
-1047.4 -1030.4 1341.6 305.9
478.3 2974.0 2071.8 500.5
-2715.0 -32.5 1650.9 228.4
-2103.3 -225.9 1858.5 494.4
281.0 -256.5 2683.4 950.6
2191.3 2906.0 -1555.1 369.2
-1990.8 -965.6 -2507.6 188.8
-382.1 1082.4 -1678.7 135.9
-1766.5 -773.7 2861.5 609.5
1204.3 1725.5 2468.7 972.0
-1484.6 -2685.8 789.7 735.6
-2494.1 -2334.6 2953.8 931.0
-2442.4 1481.8 525.3 465.0
2926.7 -1062.3 -637.7 180.1
2895.3 -67.7 -1000.9 302.7
2303.8 -2500.4 1065.6 866.0
1564.6 -599.8 1056.9 642.9
-2288.9 -1962.1 -773.4 144.5
2448.5 -1057.4 -278.9 764.2
-371.9 -677.2 1157.7 619.9
1959.8 1626.0 -915.1 451.6
-2459.9 -376.5 -2131.3 875.5
-1222.9 1146.1 -816.9 983.8
-953.8 2950.2 1728.2 989.8
-1452.6 -2362.9 2678.6 823.1
1592.8 -76.1 -2511.4 543.4
95.1 1869.0 2398.5 358.1
-1313.5 -2578.4 1812.7 529.7
-184.2 775.3 1444.2 510.3
1188.9 2309.4 -1298.5 933.8
-727.6 2008.5 1149.9 118.5
1090.8 -888.0 -2419.1 117.6
-509.2 -2017.6 2888.3 274.4
-2960.9 240.0 2397.5 541.4
2675.5 1540.0 2074.0 154.8
1984.1 -1328.0 895.2 300.6
2217.8 1890.2 1102.5 124.4
2172.8 1483.4 -229.6 517.2
127.5 -251.4 1987.1 770.1
931.6 1.4 720.5 788.7
-2271.8 -2023.6 2295.2 548.0
1266.9 2809.0 -2622.7 915.2
1700.1 -2444.8 943.8 741.1
-64.5 2496.2 2792.5 217.3
2348.7 -2339.9 -2493.7 161.4
-2068.3 1597.6 -2025.6 438.7
1552.7 -62.0 907.1 400.4
-1843.4 2694.6 -1554.8 603.1
1149.0 -479.4 1522.6 198.6
2794.5 -1759.7 -1303.5 962.7
-2573.1 929.7 -542.2 191.7
2435.3 1902.6 -135.1 438.6
-2477.1 2044.8 -2895.4 105.2
43.8 -1345.9 1149.4 282.5
-876.1 -2754.1 423.9 851.4
-1611.7 -309.3 2582.9 716.8
1626.6 2835.2 -1157.4 747.3
369.3 1300.5 -2809.7 560.8
-1256.8 -50.6 286.5 615.1
-2456.7 268.3 125.1 383.4
145.6 -1270.7 1720.9 478.5
-941.2 -2004.9 996.0 956.7
1558.4 940.1 2917.8 943.0
-2525.4 39.2 1149.7 571.9
227.3 2727.1 300.3 768.7
1102.5 781.7 774.9 478.4
1561.8 2301.5 2822.1 949.5
-447.9 2087.9 -2248.9 737.5
-1514.1 -883.5 -1083.7 581.6
-1849.8 1543.1 -823.7 996.9
-1086.6 -454.2 1302.6 296.4
-608.7 2345.6 1788.4 399.6
-995.2 -1645.9 -1524.1 630.1
-1468.2 453.1 -1473.4 798.8
526.5 -2172.0 2838.2 889.2
898.3 -2397.1 2824.3 402.1
-155.4 -353.8 -2309.3 771.3
-1193.6 1080.0 2841.5 198.4
737.4 -538.4 1901.3 953.9
2346.0 -1053.6 652.9 300.9
2246.0 2857.0 -1306.8 327.7
1987.6 1012.8 1388.1 750.0
1717.8 -1486.5 -2808.7 806.6
183.8 1008.4 1485.3 154.8
-2938.7 -1775.4 2649.6 970.5
-631.8 -369.4 147.3 571.6
2277.6 2069.3 988.2 896.8
-2892.3 -2952.7 414.8 540.1
-2327.7 562.5 2216.3 929.1
-1852.4 2629.5 -1220.0 388.9
847.6 -1278.1 -2935.8 252.8
-134.9 1982.8 -439.1 892.0
-1651.0 -2179.5 -1596.4 503.0
160.3 1767.1 -315.6 866.4
1088.6 -2031.8 200.6 236.3
1465.3 -2794.6 542.2 153.1
1909.6 -1470.0 1210.3 409.1
2522.4 1553.0 -2887.6 412.3
2147.6 2496.9 -2380.7 153.2
151.0 -1201.8 846.5 319.5
-1945.3 -2876.2 2216.5 952.4
273.4 1114.3 -1612.1 168.3
2365.9 2853.5 -413.5 616.6
298.2 -1481.6 2925.6 520.9
-1105.0 -749.4 -1938.5 152.6
401.0 1548.6 1295.5 198.0
-41.7 -684.8 -2818.5 170.8
-1644.8 -835.0 -2057.3 434.3
2983.4 1742.2 949.3 677.6
2950.1 1555.4 645.4 681.6
1985.0 -2580.3 955.0 733.3
1629.1 -1248.4 -301.9 996.9
1843.9 2080.3 -1816.8 165.9
824.0 -2856.3 -1756.3 521.2
-2151.1 1505.8 -909.8 135.3
2468.6 882.8 1225.6 690.5
-1381.9 767.2 -2395.0 733.6
2952.9 -1758.5 445.5 201.9
-247.5 1626.6 2011.0 625.3
813.6 -986.7 -2654.0 927.4
962.9 2962.0 -2592.8 942.9
-2675.4 -1910.5 -2309.9 508.9
-2742.5 376.9 -2748.4 987.4
-1335.5 -2254.3 -1283.3 856.9
-2554.5 453.6 -1607.5 450.4
793.2 1125.7 2504.4 891.5
-915.7 -2192.4 -752.2 642.6
384.3 124.2 746.7 139.9
-2980.2 586.0 -56.3 465.8
-2550.5 -2131.8 1273.5 836.5
1504.9 2499.9 2714.9 396.8
-2697.5 744.3 -1853.6 518.7
91.1 1491.4 534.8 962.9
-1949.0 1663.6 1471.6 230.0
1577.6 -294.3 -1081.8 107.1
574.3 -2638.3 1382.4 667.5
2374.8 -1029.1 784.9 869.4
1927.7 -2827.2 2403.4 644.6
1011.1 378.3 -508.1 305.2
728.8 -1152.5 -1281.3 969.7
2932.0 -326.5 2658.0 667.2
471.2 75.6 -1036.8 275.7
-60.8 2321.0 2983.3 712.0
972.2 -2334.9 2834.0 236.7
1856.7 1227.5 1542.7 183.7
-2116.2 -1967.7 -2062.9 454.0
-2361.4 -1333.4 1874.2 161.1
2888.1 1305.3 2869.4 791.7
1955.9 -2017.1 -595.2 301.8
1336.2 1168.4 -2337.3 919.2
-1915.1 -1693.4 304.2 298.1
-2571.2 261.4 825.2 580.4
-2489.5 2987.1 1746.3 409.2
1745.0 -1368.8 -2649.7 547.9
-1149.3 2853.1 -790.3 349.7
978.9 1306.0 2307.0 235.9
1771.3 1575.6 1146.3 360.7
703.5 -951.9 414.3 162.3
374.3 -600.8 2636.7 606.3
2011.8 2152.1 -1163.0 589.5
-268.1 -2381.9 1795.0 116.2
-1922.3 -501.2 -647.4 875.8
-2938.4 1738.7 2670.5 470.6
2453.4 125.1 -1452.6 305.6
958.1 -2085.2 411.7 494.6
-761.3 -2026.6 2243.1 231.6
713.4 -1088.5 1086.9 625.4
-2023.1 -938.2 -1503.6 992.6
-2156.8 -544.2 532.0 180.2
-2207.9 -688.8 -751.7 633.7
2755.8 103.2 2948.2 977.4
665.1 2597.2 1276.7 908.9
-1078.9 -2811.8 -2648.6 346.1
-1281.0 251.1 -312.2 681.7
-2393.3 38.1 1497.9 218.2
1227.0 -642.9 -2426.5 753.3
2191.1 -2944.4 -1270.8 493.4
-2937.7 2881.6 -283.7 586.0
1055.3 2388.0 2257.1 211.9
-1974.2 1376.4 2049.0 379.7
416.4 -509.4 455.7 567.5
1545.1 -2727.4 1684.6 572.9
-2042.8 2114.3 738.2 604.5
-4.5 1817.4 -944.0 371.3
-2584.0 112.9 -2664.3 534.6
-2257.4 -1708.0 1614.4 827.6
955.8 2706.2 -731.3 558.6
-90.0 -2168.7 -2390.2 842.2
-17.1 863.1 700.2 178.8
-844.9 -562.8 -1514.8 303.7
-2105.9 -2850.5 2893.1 795.7
1203.4 285.0 2464.9 151.8
-2922.0 -1260.7 -226.6 714.7
-1981.3 2652.2 -2419.4 888.7
-2003.2 1560.9 1855.1 431.2
2555.7 -2852.7 86.7 127.2
1249.9 -2053.7 1841.0 406.3
-2038.7 486.3 -2843.2 587.4
-1073.0 517.7 932.1 490.4
1144.6 1644.3 -902.9 774.2
-288.1 -1555.2 2380.3 353.9
-2851.0 150.7 2107.6 962.0
-963.4 323.7 -2121.2 922.4
1700.5 -972.7 -1489.4 954.9
-516.6 2313.1 1713.8 668.6
1461.0 -1871.5 -274.9 281.4
-435.8 541.7 1685.9 872.9
1107.6 -2188.2 1788.5 751.7
2432.4 1374.4 -1331.2 131.6
1662.4 -1452.7 2183.3 466.6
-230.0 591.8 2996.5 652.3
-365.7 -2713.8 1822.1 501.6
-2972.2 -2357.8 -2106.7 670.8
2145.3 -1852.4 336.4 327.8
-415.7 284.0 -1264.4 233.4
1271.4 234.8 2266.5 102.9
-839.7 -43.9 1576.3 108.3
1688.6 -2107.1 1520.3 402.7
630.3 -1056.5 2695.8 473.5
251.8 -2765.2 421.5 871.9
702.4 -2580.7 -2383.2 657.7
-2174.7 -2791.5 576.3 747.8
1090.8 381.0 2610.8 755.9
-100.2 195.2 2781.3 794.4
1406.8 520.5 932.1 364.1
-746.3 -1520.8 2116.6 993.9
-25.7 1517.2 171.1 972.1
1345.9 1644.1 -2150.7 924.9
2925.8 272.7 1560.6 491.9
1992.4 2032.5 1200.7 387.3
2978.2 -1736.1 -1314.1 658.4
2833.6 -439.5 -302.0 731.8
657.4 -2275.5 2067.7 221.8
-1501.2 1150.2 -886.2 984.7
2752.9 2339.2 2771.4 994.6
2728.6 -2075.8 -1964.8 786.2
970.7 -336.1 -664.5 417.7
-546.6 2944.4 1846.9 743.5
-2435.7 355.1 -1153.0 803.7
-2372.7 136.8 -2525.1 844.3
2767.4 1673.9 2025.0 583.9
2561.3 2317.0 918.0 265.6
2099.8 -2348.9 2691.5 342.2
-2911.9 815.5 -1698.2 589.2
-89.9 -996.9 576.2 684.7
379.7 -1696.7 -2525.6 626.5
1267.5 -2984.7 1987.9 717.3
-1130.1 -2960.4 1429.7 826.9
857.2 103.5 -834.6 641.7
-468.0 -896.8 -2023.3 987.2
793.0 -1446.8 2153.2 279.1
-1549.5 1964.6 -2811.9 873.6
1580.5 -1359.5 -60.3 474.4
-119.5 1610.4 -1698.2 451.8
-945.1 -2450.2 -1421.4 496.1
-2205.1 1230.6 -2676.6 692.4
793.7 2135.1 -2906.4 555.8
-252.7 -509.6 1528.7 114.5
-2794.6 2910.7 738.4 688.3
72.5 401.5 200.1 513.7
-2984.2 -627.5 1943.6 341.8
-2900.3 1102.7 -1454.3 966.0
561.4 -1805.0 1785.9 106.1
1266.1 -1907.3 1188.4 241.3
-1601.4 1870.4 -2937.3 579.6
1615.8 1168.1 2703.9 865.0
-1545.1 -2509.2 -602.9 252.3
1008.2 977.9 -2760.8 176.3
-2133.1 64.8 -489.1 290.8
163.9 -1989.8 -823.7 286.9
-1739.6 -2688.3 1010.1 456.3
44.7 -613.6 231.9 577.5
20.9 -2565.9 2459.4 150.6
171.5 508.6 1936.2 813.6
1887.0 -2502.0 -2036.6 546.9
1669.4 1150.9 -1178.9 430.2
623.9 -2347.0 -2053.0 659.1
2589.9 -2526.6 -845.6 495.2
928.3 2676.0 -2644.1 731.0
-2463.3 -88.0 1546.9 150.6
-2561.3 -2829.3 2980.3 272.8
1760.4 750.8 1198.4 907.6
-455.3 -1522.4 -1115.4 604.0
-1585.0 -694.0 -954.3 314.0
1520.4 -1209.5 1975.9 599.4
384.7 -2139.5 -1811.5 965.3
966.2 -2213.9 -1359.2 315.4
-2138.6 -2596.3 -680.0 111.8
728.7 1815.1 598.1 494.1
262.1 -262.8 -1333.7 128.3
2602.4 607.1 -2983.2 591.5
-2998.7 -999.4 1808.7 643.7
-2498.7 -1705.3 -2955.0 439.5
900.9 370.6 -1795.6 860.4
-249.3 2252.7 199.6 765.4
-896.0 -240.3 -1759.0 602.7
-29.4 1969.7 2778.1 333.7
-1545.0 676.8 35.9 228.5
-1170.5 1240.3 -2681.9 146.7
-2513.1 -2264.7 2669.9 363.8
2410.1 -1202.4 -1167.8 456.3
405.8 1094.3 -65.2 614.2
-2216.9 1516.9 385.5 986.1
-9.7 274.1 2409.4 346.8
-85.8 1334.9 1214.1 998.5
-434.1 -222.4 661.8 636.4
-615.7 -2737.6 -2819.3 535.0
-312.6 -2697.1 332.2 976.0
1521.7 972.0 203.2 956.8
-315.7 2181.5 1723.7 497.1
-2989.8 -51.3 -1857.5 399.4
-1498.0 -439.4 17.9 547.1
-71.6 1753.8 1550.9 618.1
744.5 -656.0 -2676.1 967.1
-1328.5 -144.7 -1296.7 970.7
-1025.4 -2001.8 -318.0 985.0
-2321.8 340.9 1157.2 494.8
1614.2 -2695.9 -2338.7 847.2
-176.0 1087.9 2692.0 561.6
626.2 2652.7 -2289.7 623.1
309.9 973.9 -650.0 512.4
1139.0 -2308.6 -920.6 525.8
116.0 -2072.6 -1261.8 201.8
-2131.6 -1238.2 684.8 451.0
-742.9 2560.7 1573.5 486.5
-1773.0 1848.3 -1445.5 301.7
-2813.4 451.3 -590.4 435.5
-1647.1 381.6 2475.9 416.8
-1527.2 317.5 -2665.0 931.6
-1925.0 2639.0 2539.3 686.9
1958.6 951.0 -2687.3 154.8
612.1 -1061.2 1564.6 100.4
1244.1 -2782.7 197.1 945.1
183.8 2832.6 -2936.9 929.8
-732.4 -216.0 2408.9 153.1
-46.4 546.3 -2608.1 504.6
-1010.7 1323.8 -1160.5 506.4
845.5 -2929.7 2437.8 654.8
2559.2 1981.6 -2760.6 276.3
842.6 764.6 1116.6 840.9
737.5 2981.1 -1388.3 617.3
1392.4 -2666.5 -1943.0 644.8
503.2 -1066.4 1264.2 238.3
2323.8 2910.5 -659.5 487.8
879.1 1674.2 -636.5 393.6
-1426.3 1324.9 296.4 734.8
-2313.9 1416.2 -48.2 951.6
2528.3 -2355.8 465.9 527.4
-2812.1 2252.1 -120.0 577.5
-868.3 2205.6 -2234.8 265.6
379.6 -2632.0 1893.6 972.3
-180.7 1651.7 -2814.0 600.5
136.6 -2394.7 -1575.4 993.0
-253.3 1627.2 -1504.5 448.1
1364.7 1685.5 2382.8 111.8
1025.9 -2800.5 -4.5 492.7
2962.2 -579.5 -883.2 779.3
2821.0 -1824.7 2512.6 251.8
-256.1 580.1 -46.2 854.6
-2542.2 937.0 5.9 343.7
2293.2 3.6 -68.7 355.2
-1756.6 -1467.4 1088.4 180.0
2780.0 -1616.0 -1625.8 617.2
2549.0 -1505.6 541.4 319.4
-653.0 -441.5 178.0 887.8
-2817.0 -1207.1 293.2 943.6
923.9 -2526.7 85.3 730.9
1753.8 -1807.8 724.3 628.1
2738.1 -1941.0 1168.7 626.4
333.1 -2509.2 2276.4 592.9
927.9 842.9 -567.2 505.1
-1661.1 -1636.4 641.3 503.0
5.8 2693.4 -1541.7 753.8
761.2 -2109.9 30.1 241.5
-915.3 -596.1 2138.7 282.8
499.7 -542.6 -2655.9 119.4
-2074.4 567.8 1130.9 897.0
-2522.9 -460.5 -1513.0 333.1
524.3 2420.1 -2247.3 272.3
-824.1 -2946.3 -2395.7 854.4
-1722.1 1054.6 426.6 220.8
-2579.8 2632.0 1265.3 711.5
-136.6 814.2 375.4 970.6
1348.5 443.8 -2460.5 124.5
-1510.8 58.0 -1551.5 587.5
-1873.4 -699.6 812.8 679.9
-2688.9 2211.5 2691.7 767.4
-383.0 685.9 1223.5 629.9
-1619.9 1206.4 -572.1 913.3
-361.4 2730.0 -2087.7 933.6
1470.2 -1629.9 -2084.5 664.4
-1711.8 1365.8 933.6 916.6
674.8 -1805.7 -2788.4 728.1
-1006.1 -351.0 -656.9 118.6
-2343.9 -966.1 1109.1 255.5
1903.0 1014.0 2718.2 500.7
-2571.5 2894.3 -470.7 135.4
751.8 1018.4 -1506.7 231.2
1663.4 -2158.3 2337.5 725.6
-2922.4 -235.3 -1713.9 634.7
-1496.3 -2863.6 728.0 549.4
2863.7 -810.9 -800.1 763.8
1037.1 -1001.6 2598.7 371.3
-1181.7 2562.9 1674.3 410.1
432.4 -1090.8 123.7 718.5
-1478.3 807.4 1901.2 130.8
-2660.3 1379.8 916.6 500.3
-1860.6 -1739.4 2504.0 451.2
-656.3 -695.2 2314.6 740.8
2533.3 -2296.3 -489.4 501.9
-1765.9 -2225.8 2208.2 445.6
-2648.0 1103.2 -2348.2 660.5
-796.6 1267.6 -2923.3 126.8
2023.2 -572.6 1224.4 422.0
2937.8 -2961.3 -2424.0 502.7
-1795.9 -916.5 2300.3 803.0
1318.6 443.7 1662.2 390.5
2915.1 194.7 1104.0 970.5
2837.5 -1630.8 -472.0 443.2
-2478.9 2881.2 2720.9 111.6
-2560.7 -1560.8 -74.2 500.0
-175.0 -200.8 1730.4 653.3
1021.4 801.6 -125.6 181.4
-2306.1 2967.8 -519.1 303.6
-2835.6 2032.7 -2249.7 880.2
-1906.3 -2.3 -562.5 456.3
2036.6 -1813.4 707.5 293.9
-1950.1 -2762.1 602.1 638.5
-1013.0 457.2 2478.5 667.8
-612.6 -1599.7 1830.6 909.4
1005.3 -407.7 -1011.7 680.3
-428.8 -2524.7 517.9 541.5
558.1 2301.6 1013.3 202.8
-1832.8 -181.6 -2554.5 217.6
-757.5 244.3 510.9 173.8
-643.2 -2304.4 -75.0 922.8
61.9 1876.0 -1656.5 724.7
1919.7 -163.9 2473.7 586.4
-2481.4 759.1 -2842.7 641.6
-1770.8 440.0 -585.1 287.8
1553.5 230.2 2430.7 907.7
2259.6 669.5 -2093.9 604.6
2322.1 -2050.6 -1001.0 559.1
2671.5 1743.1 -368.8 200.3
1812.8 -2124.6 -2853.7 941.4
2279.5 715.7 -1764.8 178.5
-2126.2 -1060.5 2879.1 263.4
2820.4 1171.2 -2328.5 647.2
-456.2 669.7 262.9 181.5
-2039.2 -848.3 351.7 273.5
-2093.8 -2062.7 391.7 149.6
313.8 -1454.0 2428.0 868.4
-1873.3 -188.2 -810.6 828.6
-1212.3 -1606.1 2559.2 797.8
1381.6 -2665.3 -496.8 520.1
2766.0 143.5 1540.0 723.5
789.4 2518.8 2927.8 329.2
-1736.8 -266.1 -410.9 729.7
-2208.6 -184.0 585.4 889.0
-2779.6 -661.5 -2211.2 670.4
-896.4 2906.7 2859.8 471.4
-1889.6 -2641.2 2516.6 515.4
-2841.4 1722.3 -2920.5 116.9
981.6 -707.5 753.1 153.3
-55.6 642.7 2756.8 193.6
2006.6 298.7 2386.5 713.8
-2634.5 216.3 1681.3 791.4
-971.3 -1138.0 -436.9 275.1
-541.8 2343.3 1286.3 146.7
-1117.1 -1840.5 -2549.0 608.3
368.4 -1782.4 588.1 630.4
-272.7 1404.6 791.4 936.9
1519.3 -2058.2 -708.1 183.6
1149.7 1673.9 -9.6 312.2
1302.5 -2808.8 -606.5 918.7
-102.2 -467.3 -2992.5 988.5
-188.5 -2074.8 1461.0 690.3
9.5 46.0 -773.8 484.6
-715.2 -1948.4 1151.5 861.9
2464.6 -590.5 -2079.0 436.4
881.5 2617.3 -2340.7 336.4
2089.2 -1251.8 -2690.5 209.4
858.0 -2136.4 182.8 995.6
-2082.3 2479.8 -2123.3 390.1
-2306.1 2547.0 -823.0 651.3
-1121.5 -1939.8 2087.7 383.8
-989.3 -2772.4 -2187.1 640.3
1359.4 -694.9 -1763.6 572.4
1505.4 1566.2 -1719.7 501.4
-288.2 54.5 -1520.5 208.0
1440.3 -8.4 408.6 868.4
1912.1 957.7 2074.8 479.1
2765.1 -2060.5 339.0 143.7
768.7 1246.2 -1520.7 614.6
-2709.8 397.2 -1780.4 192.1
-2354.3 2006.7 527.7 240.4
1598.5 1763.3 223.1 573.0
-1128.3 -2849.2 -2162.0 805.1
2378.8 -315.4 -2723.1 772.7
1950.4 -1222.2 -98.8 913.3
-1809.3 -2745.7 1092.0 299.8
2275.7 1841.8 -2564.4 457.6
-1517.3 1071.4 2714.1 227.3
1861.4 -168.2 -1322.8 306.3
2573.7 -1668.2 1185.3 430.9
-1980.1 -1202.4 -2163.9 313.9
-738.9 221.8 2612.4 620.3
893.9 -1475.4 1349.0 577.9
-149.8 -1482.0 1486.8 399.9
-2354.7 1512.6 -536.1 307.5
1150.8 -1445.6 -1367.3 496.4
-1309.4 -2929.5 -1319.9 165.1
951.9 -249.4 1997.8 504.9
1999.1 -1655.7 -1760.5 658.9
665.7 2142.1 -686.0 266.1
-2607.6 857.2 2641.3 963.8
405.0 -2172.4 2910.6 486.3
2728.2 1740.0 -777.7 900.3
-957.3 416.7 -2953.1 749.8
1934.2 -2266.7 -2215.1 996.7
-2538.9 488.4 698.6 901.1
376.6 -1296.2 -1238.5 342.8
2695.7 2577.8 1867.6 371.3
1.2 -773.2 -1831.8 796.2
-931.6 -2813.4 1158.5 719.0
27.0 2458.6 1271.6 223.5
187.8 -2002.0 1079.8 360.4
2569.2 -478.2 875.3 106.8
-1542.0 -892.0 2300.3 303.5
914.2 56.4 -2706.3 319.3
501.2 -2828.4 -2828.2 957.7
-1538.5 -1672.7 -2887.6 140.6
-1896.8 1124.4 -474.0 837.6
-2707.3 1114.8 1707.7 823.5
168.0 50.9 2703.6 375.0
946.1 -2861.5 -323.5 418.0
-1020.1 1260.1 -2409.5 485.8
-1989.9 -2414.3 2665.4 843.1
-2007.2 -1670.6 2317.2 693.3
-2724.8 203.5 -234.0 245.5
-1625.2 716.3 -81.1 849.5
460.9 -400.0 984.2 885.8
-566.2 252.9 2472.1 213.8
-2019.9 2459.8 44.8 193.1
-786.2 -2556.0 1486.5 722.3
613.3 -1927.8 -1841.5 150.6
2777.3 1659.2 1420.5 442.5
2947.3 814.5 218.7 350.0
-2580.3 -2147.4 -2193.5 522.7
-1609.0 756.4 183.2 955.5
-1346.3 -2438.6 661.2 553.0
1859.7 1651.4 -273.9 729.4
2854.8 1748.2 -1123.5 809.2
-2999.3 -1328.3 -13.8 224.1
-165.7 446.3 365.3 385.2
-150.1 2559.6 2359.3 939.2
-2224.0 -952.8 -1942.0 755.2
-801.3 412.5 -729.3 884.9
-92.5 1468.4 1780.8 181.6
1822.1 1885.5 40.5 393.5
1095.0 2432.1 -1756.8 276.9
-2874.3 2303.4 1731.8 514.4
-2200.1 1764.0 2179.0 286.5
823.9 2787.7 -2730.3 231.1
-509.5 2776.2 -582.0 822.9
-2553.2 -1260.8 -2363.2 519.4
2195.4 2296.3 2849.4 962.2
-880.7 -2160.2 -1083.6 916.3
2193.4 1715.4 1019.3 398.9
-1009.6 -2624.1 99.4 520.2
1172.6 -2998.8 2928.3 917.6
871.8 -1163.7 -1541.0 281.5
371.2 -1587.9 1569.9 723.9
2561.6 -214.1 970.6 383.6
534.6 -1379.7 -2761.1 748.6
-530.0 -2616.1 -2981.4 436.8
129.9 1984.1 -2212.8 763.3
2269.2 2361.4 -469.3 158.1
-232.9 -2477.2 2894.5 695.3
-387.8 1646.3 2206.1 506.4
563.1 1826.0 366.1 571.9
-2550.2 2673.4 908.6 843.7
-2785.2 -1982.4 -472.6 983.7
-1235.4 2457.6 -2103.5 544.2
1541.3 2351.5 1642.7 654.1
1607.8 1244.2 1322.0 452.2
-2462.2 -292.2 -1686.4 489.7
-1167.5 -2996.1 -314.8 390.1
-1771.3 -2714.0 -1643.1 695.5
-2928.9 -1719.7 2810.1 695.7
884.7 -144.4 -2450.4 565.8
1236.6 -2712.1 -1130.9 507.7
1680.6 1180.4 -1918.6 515.4
2084.6 1820.0 500.8 535.4
1050.9 -185.1 476.2 961.1
1114.6 -612.3 -1393.5 995.6
1887.8 577.3 -2213.1 336.4
-2979.4 658.6 1033.5 800.1
2282.3 -2152.3 -1606.3 936.8
-315.2 1607.6 -2760.4 281.4
1923.1 1751.7 -2752.8 994.6
1970.3 -2771.5 2755.3 808.5
2232.4 1514.1 -626.3 575.9
-1349.5 -689.3 377.6 699.2
-2465.3 -491.7 -2989.0 212.9
-2973.5 -808.0 -2932.1 232.4
2606.0 -1089.8 -1651.9 831.3
